DatasetDict({
    train: Dataset({
        features: ['problem', 'answer', 'type'],
        num_rows: 19952
    })
})
DatasetDict({
    train: Dataset({
        features: ['problem', 'answer', 'type', 'input_ids', 'attention_mask', 'labels'],
        num_rows: 19952
    })
})
Training set size: 15961
Validation set size: 3991
{'problem': "Here's a way to construct a list containing every positive rational number:\n\nBuild a binary tree where each node is a rational and the root is `1/1`, with the following rules for creating the nodes below:\n* The value of the left-hand node below `a/b` is `a/a+b` or `a+b/b`\n* The value of the right-hand node below `a/b` is `a/a+b` or `a+b/b`\n\nSo the tree will look like this:\n\n```\n                       1/1\n                  /           \\ \n            1/2                  2/1\n           /    \\              /     \\\n       1/3        3/2        2/3       3/1\n      /   \\      /   \\      /   \\     /   \\\n   1/4    4/3  3/5   5/2  2/5   5/3  3/4   4/1\n \n ...\n```\n\nNow traverse the tree, breadth first, to get a list of rationals.\n\n```\n[ 1/1, 1/2, 2/1, 1/3, 3/2, 2/3, 3/1, 1/4, 4/3, 3/5, 5/2, .. ]\n```\n\nEvery positive rational will occur, in its reduced form, exactly once in the list, at a finite index.\n\n```if:haskell\nIn the kata, we will use tuples of type `(Integer, Integer)` to represent rationals, where `(a, b)` represents `a / b`\n```\n```if:javascript\nIn the kata, we will use tuples of type `[ Number, Number ]` to represent rationals, where `[a,b]` represents `a / b`\n```\n\nUsing this method you could create an infinite list of tuples:\n\nmatching the list described above:\n\nHowever, constructing the actual list is too slow for our purposes. Instead, study the tree above, and write two functions:\n\nFor example:\n", 'answer': '1. What is the definition of "reduced form" for a rational number?\n2. What is the order in which the nodes are traversed in the breadth-first traversal?\n3. What is the expected output format for the list of rationals?', 'type': 'Ambiguous', 'input_ids': [32013, 4888, 6, 82, 245, 1141, 276, 5580, 245, 1517, 8896, 1129, 4856, 18282, 1594, 25, 185, 185, 11521, 245, 10042, 5319, 1064, 1317, 4256, 317, 245, 18282, 285, 254, 4330, 317, 2220, 16, 14, 16, 63, 11, 365, 254, 1884, 6544, 327, 6814, 254, 8806, 2867, 25, 185, 9, 428, 1432, 280, 254, 2104, 12, 4560, 4256, 2867, 2220, 64, 14, 65, 63, 317, 2220, 64, 14, 64, 10, 65, 63, 409, 2220, 64, 10, 65, 14, 65, 63, 185, 9, 428, 1432, 280, 254, 1327, 12, 4560, 4256, 2867, 2220, 64, 14, 65, 63, 317, 2220, 64, 14, 64, 10, 65, 63, 409, 2220, 64, 10, 65, 14, 65, 63, 185, 185, 3127, 254, 5319, 540, 1066, 833, 437, 25, 185, 185, 10252, 185, 3081, 16, 14, 16, 185, 6549, 889, 3137, 357, 207, 185, 2481, 16, 14, 17, 9204, 17, 14, 16, 185, 3137, 889, 315, 357, 3462, 889, 251, 357, 185, 436, 16, 14, 18, 294, 18, 14, 17, 294, 17, 14, 18, 436, 18, 14, 16, 185, 730, 889, 243, 357, 730, 889, 243, 357, 730, 889, 243, 357, 251, 889, 243, 357, 185, 315, 16, 14, 19, 251, 19, 14, 18, 243, 18, 14, 20, 315, 20, 14, 17, 243, 17, 14, 20, 315, 20, 14, 18, 243, 18, 14, 19, 315, 19, 14, 16, 185, 207, 185, 3552, 185, 10252, 185, 185, 4375, 1355, 4641, 254, 5319, 11, 9891, 392, 1019, 11, 276, 748, 245, 1517, 280, 427, 335, 909, 13, 185, 185, 10252, 185, 58, 207, 16, 14, 16, 11, 207, 16, 14, 17, 11, 207, 17, 14, 16, 11, 207, 16, 14, 18, 11, 207, 18, 14, 17, 11, 207, 17, 14, 18, 11, 207, 18, 14, 16, 11, 207, 16, 14, 19, 11, 207, 19, 14, 18, 11, 207, 18, 14, 20, 11, 207, 20, 14, 17, 11, 10165, 6337, 185, 10252, 185, 185, 10410, 4856, 18282, 540, 5182, 11, 279, 891, 8489, 1017, 11, 5082, 2551, 279, 254, 1517, 11, 429, 245, 7593, 3750, 13, 185, 185, 10252, 351, 25, 71, 1974, 487, 185, 769, 254, 528, 747, 11, 394, 540, 931, 244, 393, 873, 280, 1443, 2220, 7, 12959, 11, 18782, 8, 63, 276, 2554, 427, 335, 909, 11, 1064, 2220, 7, 64, 11, 270, 8, 63, 9622, 2220, 64, 889, 270, 63, 185, 10252, 185, 10252, 351, 25, 9611, 185, 769, 254, 528, 747, 11, 394, 540, 931, 244, 393, 873, 280, 1443, 2220, 58, 11988, 11, 11988, 6337, 63, 276, 2554, 427, 335, 909, 11, 1064, 2220, 58, 64, 11, 65, 60, 63, 9622, 2220, 64, 889, 270, 63, 185, 10252, 185, 185, 11060, 437, 2040, 340, 1023, 2594, 274, 13158, 1517, 280, 244, 393, 873, 25, 185, 185, 10108, 272, 254, 1517, 5728, 2321, 25, 185, 185, 6502, 11, 5580, 272, 254, 4304, 1517, 317, 1646, 4351, 327, 764, 9996, 13, 12013, 11, 3421, 254, 5319, 2321, 11, 285, 3697, 979, 4900, 25, 185, 185, 1978, 2194, 25, 185, 16, 13, 2450, 317, 254, 6525, 280, 440, 504, 16599, 1017, 1, 327, 245, 18282, 1594, 30, 32021], 'attention_mask': [1, 1, 1, 1, 1, 1, 1, 1, 1, 1, 1, 1, 1, 1, 1, 1, 1, 1, 1, 1, 1, 1, 1, 1, 1, 1, 1, 1, 1, 1, 1, 1, 1, 1, 1, 1, 1, 1, 1, 1, 1, 1, 1, 1, 1, 1, 1, 1, 1, 1, 1, 1, 1, 1, 1, 1, 1, 1, 1, 1, 1, 1, 1, 1, 1, 1, 1, 1, 1, 1, 1, 1, 1, 1, 1, 1, 1, 1, 1, 1, 1, 1, 1, 1, 1, 1, 1, 1, 1, 1, 1, 1, 1, 1, 1, 1, 1, 1, 1, 1, 1, 1, 1, 1, 1, 1, 1, 1, 1, 1, 1, 1, 1, 1, 1, 1, 1, 1, 1, 1, 1, 1, 1, 1, 1, 1, 1, 1, 1, 1, 1, 1, 1, 1, 1, 1, 1, 1, 1, 1, 1, 1, 1, 1, 1, 1, 1, 1, 1, 1, 1, 1, 1, 1, 1, 1, 1, 1, 1, 1, 1, 1, 1, 1, 1, 1, 1, 1, 1, 1, 1, 1, 1, 1, 1, 1, 1, 1, 1, 1, 1, 1, 1, 1, 1, 1, 1, 1, 1, 1, 1, 1, 1, 1, 1, 1, 1, 1, 1, 1, 1, 1, 1, 1, 1, 1, 1, 1, 1, 1, 1, 1, 1, 1, 1, 1, 1, 1, 1, 1, 1, 1, 1, 1, 1, 1, 1, 1, 1, 1, 1, 1, 1, 1, 1, 1, 1, 1, 1, 1, 1, 1, 1, 1, 1, 1, 1, 1, 1, 1, 1, 1, 1, 1, 1, 1, 1, 1, 1, 1, 1, 1, 1, 1, 1, 1, 1, 1, 1, 1, 1, 1, 1, 1, 1, 1, 1, 1, 1, 1, 1, 1, 1, 1, 1, 1, 1, 1, 1, 1, 1, 1, 1, 1, 1, 1, 1, 1, 1, 1, 1, 1, 1, 1, 1, 1, 1, 1, 1, 1, 1, 1, 1, 1, 1, 1, 1, 1, 1, 1, 1, 1, 1, 1, 1, 1, 1, 1, 1, 1, 1, 1, 1, 1, 1, 1, 1, 1, 1, 1, 1, 1, 1, 1, 1, 1, 1, 1, 1, 1, 1, 1, 1, 1, 1, 1, 1, 1, 1, 1, 1, 1, 1, 1, 1, 1, 1, 1, 1, 1, 1, 1, 1, 1, 1, 1, 1, 1, 1, 1, 1, 1, 1, 1, 1, 1, 1, 1, 1, 1, 1, 1, 1, 1, 1, 1, 1, 1, 1, 1, 1, 1, 1, 1, 1, 1, 1, 1, 1, 1, 1, 1, 1, 1, 1, 1, 1, 1, 1, 1, 1, 1, 1, 1, 1, 1, 1, 1, 1, 1, 1, 1, 1, 1, 1, 1, 1, 1, 1, 1, 1, 1, 1, 1, 1, 1, 1, 1, 1, 1, 1, 1, 1, 1, 1, 1, 1, 1, 1, 1, 1, 1, 1, 1, 1, 1, 1, 1, 1, 1, 1, 1, 1, 1, 1, 1, 1, 1, 1, 1, 1, 1, 1, 1, 1, 1, 1, 1, 1, 1, 1, 1, 1, 1, 1, 1, 1, 1, 1, 1, 1, 1, 1, 1, 1, 1, 1, 1, 1, 1, 1, 1], 'labels': [32013, 4888, 6, 82, 245, 1141, 276, 5580, 245, 1517, 8896, 1129, 4856, 18282, 1594, 25, 185, 185, 11521, 245, 10042, 5319, 1064, 1317, 4256, 317, 245, 18282, 285, 254, 4330, 317, 2220, 16, 14, 16, 63, 11, 365, 254, 1884, 6544, 327, 6814, 254, 8806, 2867, 25, 185, 9, 428, 1432, 280, 254, 2104, 12, 4560, 4256, 2867, 2220, 64, 14, 65, 63, 317, 2220, 64, 14, 64, 10, 65, 63, 409, 2220, 64, 10, 65, 14, 65, 63, 185, 9, 428, 1432, 280, 254, 1327, 12, 4560, 4256, 2867, 2220, 64, 14, 65, 63, 317, 2220, 64, 14, 64, 10, 65, 63, 409, 2220, 64, 10, 65, 14, 65, 63, 185, 185, 3127, 254, 5319, 540, 1066, 833, 437, 25, 185, 185, 10252, 185, 3081, 16, 14, 16, 185, 6549, 889, 3137, 357, 207, 185, 2481, 16, 14, 17, 9204, 17, 14, 16, 185, 3137, 889, 315, 357, 3462, 889, 251, 357, 185, 436, 16, 14, 18, 294, 18, 14, 17, 294, 17, 14, 18, 436, 18, 14, 16, 185, 730, 889, 243, 357, 730, 889, 243, 357, 730, 889, 243, 357, 251, 889, 243, 357, 185, 315, 16, 14, 19, 251, 19, 14, 18, 243, 18, 14, 20, 315, 20, 14, 17, 243, 17, 14, 20, 315, 20, 14, 18, 243, 18, 14, 19, 315, 19, 14, 16, 185, 207, 185, 3552, 185, 10252, 185, 185, 4375, 1355, 4641, 254, 5319, 11, 9891, 392, 1019, 11, 276, 748, 245, 1517, 280, 427, 335, 909, 13, 185, 185, 10252, 185, 58, 207, 16, 14, 16, 11, 207, 16, 14, 17, 11, 207, 17, 14, 16, 11, 207, 16, 14, 18, 11, 207, 18, 14, 17, 11, 207, 17, 14, 18, 11, 207, 18, 14, 16, 11, 207, 16, 14, 19, 11, 207, 19, 14, 18, 11, 207, 18, 14, 20, 11, 207, 20, 14, 17, 11, 10165, 6337, 185, 10252, 185, 185, 10410, 4856, 18282, 540, 5182, 11, 279, 891, 8489, 1017, 11, 5082, 2551, 279, 254, 1517, 11, 429, 245, 7593, 3750, 13, 185, 185, 10252, 351, 25, 71, 1974, 487, 185, 769, 254, 528, 747, 11, 394, 540, 931, 244, 393, 873, 280, 1443, 2220, 7, 12959, 11, 18782, 8, 63, 276, 2554, 427, 335, 909, 11, 1064, 2220, 7, 64, 11, 270, 8, 63, 9622, 2220, 64, 889, 270, 63, 185, 10252, 185, 10252, 351, 25, 9611, 185, 769, 254, 528, 747, 11, 394, 540, 931, 244, 393, 873, 280, 1443, 2220, 58, 11988, 11, 11988, 6337, 63, 276, 2554, 427, 335, 909, 11, 1064, 2220, 58, 64, 11, 65, 60, 63, 9622, 2220, 64, 889, 270, 63, 185, 10252, 185, 185, 11060, 437, 2040, 340, 1023, 2594, 274, 13158, 1517, 280, 244, 393, 873, 25, 185, 185, 10108, 272, 254, 1517, 5728, 2321, 25, 185, 185, 6502, 11, 5580, 272, 254, 4304, 1517, 317, 1646, 4351, 327, 764, 9996, 13, 12013, 11, 3421, 254, 5319, 2321, 11, 285, 3697, 979, 4900, 25, 185, 185, 1978, 2194, 25, 185, 16, 13, 2450, 317, 254, 6525, 280, 440, 504, 16599, 1017, 1, 327, 245, 18282, 1594, 30, 32021]}
{'problem': 'Greg has a weighed directed graph, consisting of n vertices. In this graph any pair of distinct vertices has an edge between them in both directions. Greg loves playing with the graph and now he has invented a new game:  The game consists of n steps.  On the i-th step Greg removes vertex number x_{i} from the graph. As Greg removes a vertex, he also removes all the edges that go in and out of this vertex.  Before executing each step, Greg wants to know the sum of lengths of the shortest paths between all pairs of the remaining vertices. The shortest path can go through any remaining vertex. In other words, if we assume that d(i, v, u) is the shortest path between vertices v and u in the graph that formed before deleting vertex x_{i}, then Greg wants to know the value of the following sum: $\\sum_{v, u, v \\neq u} d(i, v, u)$. \n\nHelp Greg, print the value of the required sum before each step.\n\n\n-----Input-----\n\nThe first line contains integer n (1 ≤ n ≤ 500) — the number of vertices in the graph.\n\nNext n lines contain n integers each — the graph adjacency matrix: the j-th number in the i-th line a_{ij} (1 ≤ a_{ij} ≤ 10^5, a_{ii} = 0) represents the weight of the edge that goes from vertex i to vertex j.\n\nThe next line contains n distinct integers: x_1, x_2, ..., x_{n} (1 ≤ x_{i} ≤ n) — the vertices that Greg deletes.\n\n\n-----Output-----\n\nPrint n integers — the i-th number equals the required sum before the i-th step.\n\nPlease, do not use the %lld specifier to read or write 64-bit integers in C++. It is preferred to use the cin, cout streams of the %I64d specifier.\n\n\n-----Examples-----\nInput\n1\n0\n1\n\nOutput\n0 \nInput\n2\n0 5\n4 0\n1 2\n\nOutput\n9 0 \nInput\n4\n0 3 1 1\n6 0 400 1\n2 4 0 1\n1 1 1 0\n4 1 2 3\n\nOutput\n17 23 404 0', 'answer': "import sys\nfrom array import array  # noqa: F401\n\nn = int(input())\nmatrix = [array('i', list(map(int, input().split()))) for _ in range(n)]\naa = tuple([int(x) - 1 for x in input().split()])\nans = [''] * n\n\nfor i in range(n-1, -1, -1):\n    x = aa[i]\n\n    for a in range(n):\n        for b in range(n):\n            if matrix[a][b] > matrix[a][x] + matrix[x][b]:\n                matrix[a][b] = matrix[a][x] + matrix[x][b]\n\n    val, overflow = 0, 0\n    for a in aa[i:]:\n        for b in aa[i:]:\n            val += matrix[a][b]\n        if val > 10**9:\n            overflow += 1\n            val -= 10**9\n\n    ans[i] = str(10**9 * overflow + val)\n\nprint(' '.join(ans))\n", 'type': 'Original', 'input_ids': [32013, 38, 1928, 638, 245, 394, 311, 870, 13006, 4144, 11, 18382, 280, 291, 13631, 13, 680, 437, 4144, 683, 5689, 280, 8493, 13631, 638, 274, 5935, 1433, 763, 279, 1564, 13012, 13, 17219, 13666, 6066, 365, 254, 4144, 285, 1130, 362, 638, 1336, 8909, 245, 756, 2612, 25, 207, 428, 2612, 10675, 280, 291, 5598, 13, 207, 2416, 254, 460, 12, 392, 3443, 17219, 25174, 12078, 1594, 1371, 563, 72, 92, 473, 254, 4144, 13, 1725, 17219, 25174, 245, 12078, 11, 362, 835, 25174, 519, 254, 10769, 344, 610, 279, 285, 631, 280, 437, 12078, 13, 207, 12358, 24454, 1317, 3443, 11, 17219, 7573, 276, 1001, 254, 2545, 280, 25342, 280, 254, 2567, 370, 12921, 1433, 519, 12042, 280, 254, 9331, 13631, 13, 428, 2567, 370, 3076, 482, 610, 1182, 683, 9331, 12078, 13, 680, 746, 3061, 11, 562, 394, 6044, 344, 263, 7, 72, 11, 353, 11, 2631, 8, 317, 254, 2567, 370, 3076, 1433, 13631, 353, 285, 2631, 279, 254, 4144, 344, 9167, 1321, 29310, 12078, 1371, 563, 72, 1077, 930, 17219, 7573, 276, 1001, 254, 1432, 280, 254, 1884, 2545, 25, 371, 59, 1828, 563, 85, 11, 2631, 11, 353, 357, 9308, 2631, 92, 263, 7, 72, 11, 353, 11, 2631, 8, 3, 13, 207, 185, 185, 18542, 17219, 11, 3628, 254, 1432, 280, 254, 3414, 2545, 1321, 1317, 3443, 13, 185, 185, 185, 21647, 6546, 21647, 185, 185, 546, 1019, 1348, 5396, 10878, 291, 334, 16, 207, 156, 218, 97, 291, 207, 156, 218, 97, 207, 20, 15, 15, 8, 207, 1962, 254, 1594, 280, 13631, 279, 254, 4144, 13, 185, 185, 7926, 291, 4290, 3768, 291, 26682, 1317, 207, 1962, 254, 4144, 10648, 305, 1908, 5852, 25, 254, 521, 12, 392, 1594, 279, 254, 460, 12, 392, 1348, 245, 563, 4012, 92, 334, 16, 207, 156, 218, 97, 245, 563, 4012, 92, 207, 156, 218, 97, 207, 16, 15, 61, 20, 11, 245, 563, 3894, 92, 1412, 15, 8, 9622, 254, 4285, 280, 254, 5935, 344, 5002, 473, 12078, 460, 276, 12078, 521, 13, 185, 185, 546, 2100, 1348, 5396, 291, 8493, 26682, 25, 1371, 62, 16, 11, 1371, 62, 17, 11, 3552, 11, 1371, 563, 77, 92, 334, 16, 207, 156, 218, 97, 1371, 563, 72, 92, 207, 156, 218, 97, 291, 8, 207, 1962, 254, 13631, 344, 17219, 10166, 257, 13, 185, 185, 185, 21647, 8780, 21647, 185, 185, 16074, 291, 26682, 207, 1962, 254, 460, 12, 392, 1594, 21572, 254, 3414, 2545, 1321, 254, 460, 12, 392, 3443, 13, 185, 185, 7912, 11, 533, 441, 931, 254, 3018, 75, 402, 1300, 4664, 276, 1272, 409, 3697, 207, 21, 19, 12, 3374, 26682, 279, 339, 3868, 13, 804, 317, 12772, 276, 931, 254, 8380, 11, 27821, 21504, 280, 254, 3018, 40, 21, 19, 67, 1300, 4664, 13, 185, 185, 185, 21647, 1488, 10592, 21647, 185, 6546, 185, 16, 185, 15, 185, 16, 185, 185, 8780, 185, 15, 207, 185, 6546, 185, 17, 185, 15, 207, 20, 185, 19, 207, 15, 185, 16, 207, 17, 185, 185, 8780, 185, 24, 207, 15, 207, 185, 32021], 'attention_mask': [1, 1, 1, 1, 1, 1, 1, 1, 1, 1, 1, 1, 1, 1, 1, 1, 1, 1, 1, 1, 1, 1, 1, 1, 1, 1, 1, 1, 1, 1, 1, 1, 1, 1, 1, 1, 1, 1, 1, 1, 1, 1, 1, 1, 1, 1, 1, 1, 1, 1, 1, 1, 1, 1, 1, 1, 1, 1, 1, 1, 1, 1, 1, 1, 1, 1, 1, 1, 1, 1, 1, 1, 1, 1, 1, 1, 1, 1, 1, 1, 1, 1, 1, 1, 1, 1, 1, 1, 1, 1, 1, 1, 1, 1, 1, 1, 1, 1, 1, 1, 1, 1, 1, 1, 1, 1, 1, 1, 1, 1, 1, 1, 1, 1, 1, 1, 1, 1, 1, 1, 1, 1, 1, 1, 1, 1, 1, 1, 1, 1, 1, 1, 1, 1, 1, 1, 1, 1, 1, 1, 1, 1, 1, 1, 1, 1, 1, 1, 1, 1, 1, 1, 1, 1, 1, 1, 1, 1, 1, 1, 1, 1, 1, 1, 1, 1, 1, 1, 1, 1, 1, 1, 1, 1, 1, 1, 1, 1, 1, 1, 1, 1, 1, 1, 1, 1, 1, 1, 1, 1, 1, 1, 1, 1, 1, 1, 1, 1, 1, 1, 1, 1, 1, 1, 1, 1, 1, 1, 1, 1, 1, 1, 1, 1, 1, 1, 1, 1, 1, 1, 1, 1, 1, 1, 1, 1, 1, 1, 1, 1, 1, 1, 1, 1, 1, 1, 1, 1, 1, 1, 1, 1, 1, 1, 1, 1, 1, 1, 1, 1, 1, 1, 1, 1, 1, 1, 1, 1, 1, 1, 1, 1, 1, 1, 1, 1, 1, 1, 1, 1, 1, 1, 1, 1, 1, 1, 1, 1, 1, 1, 1, 1, 1, 1, 1, 1, 1, 1, 1, 1, 1, 1, 1, 1, 1, 1, 1, 1, 1, 1, 1, 1, 1, 1, 1, 1, 1, 1, 1, 1, 1, 1, 1, 1, 1, 1, 1, 1, 1, 1, 1, 1, 1, 1, 1, 1, 1, 1, 1, 1, 1, 1, 1, 1, 1, 1, 1, 1, 1, 1, 1, 1, 1, 1, 1, 1, 1, 1, 1, 1, 1, 1, 1, 1, 1, 1, 1, 1, 1, 1, 1, 1, 1, 1, 1, 1, 1, 1, 1, 1, 1, 1, 1, 1, 1, 1, 1, 1, 1, 1, 1, 1, 1, 1, 1, 1, 1, 1, 1, 1, 1, 1, 1, 1, 1, 1, 1, 1, 1, 1, 1, 1, 1, 1, 1, 1, 1, 1, 1, 1, 1, 1, 1, 1, 1, 1, 1, 1, 1, 1, 1, 1, 1, 1, 1, 1, 1, 1, 1, 1, 1, 1, 1, 1, 1, 1, 1, 1, 1, 1, 1, 1, 1, 1, 1, 1, 1, 1, 1, 1, 1, 1, 1, 1, 1, 1, 1, 1, 1, 1, 1, 1, 1, 1, 1, 1, 1, 1, 1, 1, 1, 1, 1, 1, 1, 1, 1, 1, 1, 1, 1, 1, 1, 1, 1, 1, 1, 1, 1, 1, 1, 1, 1, 1, 1, 1, 1, 1, 1, 1, 1, 1, 1, 1, 1, 1, 1, 1, 1, 1, 1, 1], 'labels': [32013, 38, 1928, 638, 245, 394, 311, 870, 13006, 4144, 11, 18382, 280, 291, 13631, 13, 680, 437, 4144, 683, 5689, 280, 8493, 13631, 638, 274, 5935, 1433, 763, 279, 1564, 13012, 13, 17219, 13666, 6066, 365, 254, 4144, 285, 1130, 362, 638, 1336, 8909, 245, 756, 2612, 25, 207, 428, 2612, 10675, 280, 291, 5598, 13, 207, 2416, 254, 460, 12, 392, 3443, 17219, 25174, 12078, 1594, 1371, 563, 72, 92, 473, 254, 4144, 13, 1725, 17219, 25174, 245, 12078, 11, 362, 835, 25174, 519, 254, 10769, 344, 610, 279, 285, 631, 280, 437, 12078, 13, 207, 12358, 24454, 1317, 3443, 11, 17219, 7573, 276, 1001, 254, 2545, 280, 25342, 280, 254, 2567, 370, 12921, 1433, 519, 12042, 280, 254, 9331, 13631, 13, 428, 2567, 370, 3076, 482, 610, 1182, 683, 9331, 12078, 13, 680, 746, 3061, 11, 562, 394, 6044, 344, 263, 7, 72, 11, 353, 11, 2631, 8, 317, 254, 2567, 370, 3076, 1433, 13631, 353, 285, 2631, 279, 254, 4144, 344, 9167, 1321, 29310, 12078, 1371, 563, 72, 1077, 930, 17219, 7573, 276, 1001, 254, 1432, 280, 254, 1884, 2545, 25, 371, 59, 1828, 563, 85, 11, 2631, 11, 353, 357, 9308, 2631, 92, 263, 7, 72, 11, 353, 11, 2631, 8, 3, 13, 207, 185, 185, 18542, 17219, 11, 3628, 254, 1432, 280, 254, 3414, 2545, 1321, 1317, 3443, 13, 185, 185, 185, 21647, 6546, 21647, 185, 185, 546, 1019, 1348, 5396, 10878, 291, 334, 16, 207, 156, 218, 97, 291, 207, 156, 218, 97, 207, 20, 15, 15, 8, 207, 1962, 254, 1594, 280, 13631, 279, 254, 4144, 13, 185, 185, 7926, 291, 4290, 3768, 291, 26682, 1317, 207, 1962, 254, 4144, 10648, 305, 1908, 5852, 25, 254, 521, 12, 392, 1594, 279, 254, 460, 12, 392, 1348, 245, 563, 4012, 92, 334, 16, 207, 156, 218, 97, 245, 563, 4012, 92, 207, 156, 218, 97, 207, 16, 15, 61, 20, 11, 245, 563, 3894, 92, 1412, 15, 8, 9622, 254, 4285, 280, 254, 5935, 344, 5002, 473, 12078, 460, 276, 12078, 521, 13, 185, 185, 546, 2100, 1348, 5396, 291, 8493, 26682, 25, 1371, 62, 16, 11, 1371, 62, 17, 11, 3552, 11, 1371, 563, 77, 92, 334, 16, 207, 156, 218, 97, 1371, 563, 72, 92, 207, 156, 218, 97, 291, 8, 207, 1962, 254, 13631, 344, 17219, 10166, 257, 13, 185, 185, 185, 21647, 8780, 21647, 185, 185, 16074, 291, 26682, 207, 1962, 254, 460, 12, 392, 1594, 21572, 254, 3414, 2545, 1321, 254, 460, 12, 392, 3443, 13, 185, 185, 7912, 11, 533, 441, 931, 254, 3018, 75, 402, 1300, 4664, 276, 1272, 409, 3697, 207, 21, 19, 12, 3374, 26682, 279, 339, 3868, 13, 804, 317, 12772, 276, 931, 254, 8380, 11, 27821, 21504, 280, 254, 3018, 40, 21, 19, 67, 1300, 4664, 13, 185, 185, 185, 21647, 1488, 10592, 21647, 185, 6546, 185, 16, 185, 15, 185, 16, 185, 185, 8780, 185, 15, 207, 185, 6546, 185, 17, 185, 15, 207, 20, 185, 19, 207, 15, 185, 16, 207, 17, 185, 185, 8780, 185, 24, 207, 15, 207, 185, 32021]}
trainable params: 16777216 || all params: 6757289984 || trainable%: 0.24828320287756353
compiling the model
{'loss': 1.4422, 'grad_norm': 0.059461530297994614, 'learning_rate': 5e-05, 'epoch': 0.01}
{'loss': 1.3983, 'grad_norm': 0.09438588470220566, 'learning_rate': 0.0001, 'epoch': 0.02}
{'loss': 1.2443, 'grad_norm': 0.14743217825889587, 'learning_rate': 0.00015, 'epoch': 0.03}
{'loss': 1.2399, 'grad_norm': 0.17930269241333008, 'learning_rate': 0.0002, 'epoch': 0.04}
{'eval_loss': 1.172380805015564, 'eval_runtime': 402.6998, 'eval_samples_per_second': 9.911, 'eval_steps_per_second': 1.239, 'epoch': 0.04}
{'loss': 1.0777, 'grad_norm': 0.30466562509536743, 'learning_rate': 0.00025, 'epoch': 0.05}
{'loss': 1.2519, 'grad_norm': 0.09141255915164948, 'learning_rate': 0.0003, 'epoch': 0.06}
{'loss': 1.0871, 'grad_norm': 0.10994759947061539, 'learning_rate': 0.00035, 'epoch': 0.07}
{'loss': 0.9536, 'grad_norm': 0.11418316513299942, 'learning_rate': 0.0004, 'epoch': 0.08}
{'eval_loss': 0.9987520575523376, 'eval_runtime': 403.3521, 'eval_samples_per_second': 9.895, 'eval_steps_per_second': 1.237, 'epoch': 0.08}
{'loss': 0.8431, 'grad_norm': 0.15554668009281158, 'learning_rate': 0.00045000000000000004, 'epoch': 0.09}
{'loss': 0.7925, 'grad_norm': 0.2798944413661957, 'learning_rate': 0.0005, 'epoch': 0.1}
{'loss': 1.1213, 'grad_norm': 0.09611494094133377, 'learning_rate': 0.00048333333333333334, 'epoch': 0.11}
{'loss': 1.0629, 'grad_norm': 0.10865107923746109, 'learning_rate': 0.00046666666666666666, 'epoch': 0.12}
{'eval_loss': 0.9761646389961243, 'eval_runtime': 403.1305, 'eval_samples_per_second': 9.9, 'eval_steps_per_second': 1.238, 'epoch': 0.12}
{'loss': 0.8761, 'grad_norm': 0.12422305345535278, 'learning_rate': 0.00045000000000000004, 'epoch': 0.13}
{'loss': 0.8481, 'grad_norm': 0.14313817024230957, 'learning_rate': 0.00043333333333333337, 'epoch': 0.14}
{'loss': 0.7796, 'grad_norm': 0.2696405053138733, 'learning_rate': 0.0004166666666666667, 'epoch': 0.15}
{'loss': 1.0036, 'grad_norm': 0.07739406079053879, 'learning_rate': 0.0004, 'epoch': 0.16}
{'eval_loss': 0.9614270925521851, 'eval_runtime': 403.5032, 'eval_samples_per_second': 9.891, 'eval_steps_per_second': 1.237, 'epoch': 0.16}
{'loss': 1.0369, 'grad_norm': 0.08028877526521683, 'learning_rate': 0.00038333333333333334, 'epoch': 0.17}
{'loss': 0.8471, 'grad_norm': 0.10791340470314026, 'learning_rate': 0.00036666666666666667, 'epoch': 0.18}
{'loss': 0.7939, 'grad_norm': 0.14175643026828766, 'learning_rate': 0.00035, 'epoch': 0.19}
{'loss': 0.7096, 'grad_norm': 0.22984881699085236, 'learning_rate': 0.0003333333333333333, 'epoch': 0.2}
{'eval_loss': 0.9407405853271484, 'eval_runtime': 403.3175, 'eval_samples_per_second': 9.895, 'eval_steps_per_second': 1.237, 'epoch': 0.2}
{'loss': 1.0562, 'grad_norm': 0.07689154148101807, 'learning_rate': 0.00031666666666666665, 'epoch': 0.21}
{'loss': 1.0174, 'grad_norm': 0.11297895759344101, 'learning_rate': 0.0003, 'epoch': 0.22}
{'loss': 0.8985, 'grad_norm': 0.10635551810264587, 'learning_rate': 0.00028333333333333335, 'epoch': 0.23}
{'loss': 0.771, 'grad_norm': 0.1427319049835205, 'learning_rate': 0.0002666666666666667, 'epoch': 0.24}
{'eval_loss': 0.9198505878448486, 'eval_runtime': 405.3667, 'eval_samples_per_second': 9.845, 'eval_steps_per_second': 1.231, 'epoch': 0.24}
{'loss': 0.6643, 'grad_norm': 0.30268174409866333, 'learning_rate': 0.00025, 'epoch': 0.25}
{'loss': 1.029, 'grad_norm': 0.07922712713479996, 'learning_rate': 0.00023333333333333333, 'epoch': 0.26}
{'loss': 1.0527, 'grad_norm': 0.08319171518087387, 'learning_rate': 0.00021666666666666668, 'epoch': 0.27}
{'loss': 0.8479, 'grad_norm': 0.0995144248008728, 'learning_rate': 0.0002, 'epoch': 0.28}
{'eval_loss': 0.915412187576294, 'eval_runtime': 410.0471, 'eval_samples_per_second': 9.733, 'eval_steps_per_second': 1.217, 'epoch': 0.28}
{'loss': 0.7799, 'grad_norm': 0.14627550542354584, 'learning_rate': 0.00018333333333333334, 'epoch': 0.29}
{'loss': 0.709, 'grad_norm': 0.26966729760169983, 'learning_rate': 0.00016666666666666666, 'epoch': 0.3}
{'loss': 1.0006, 'grad_norm': 0.08495404571294785, 'learning_rate': 0.00015, 'epoch': 0.31}
{'loss': 0.9471, 'grad_norm': 0.10446109622716904, 'learning_rate': 0.00013333333333333334, 'epoch': 0.32}
{'eval_loss': 0.9168937802314758, 'eval_runtime': 403.7925, 'eval_samples_per_second': 9.884, 'eval_steps_per_second': 1.236, 'epoch': 0.32}
{'loss': 0.8161, 'grad_norm': 0.1032954603433609, 'learning_rate': 0.00011666666666666667, 'epoch': 0.33}
{'loss': 0.73, 'grad_norm': 0.14861342310905457, 'learning_rate': 0.0001, 'epoch': 0.34}
{'loss': 0.6817, 'grad_norm': 0.22157788276672363, 'learning_rate': 8.333333333333333e-05, 'epoch': 0.35}
{'loss': 1.0615, 'grad_norm': 0.09084828943014145, 'learning_rate': 6.666666666666667e-05, 'epoch': 0.36}
{'eval_loss': 0.9050795435905457, 'eval_runtime': 403.519, 'eval_samples_per_second': 9.89, 'eval_steps_per_second': 1.237, 'epoch': 0.36}
{'loss': 1.01, 'grad_norm': 0.09481643885374069, 'learning_rate': 5e-05, 'epoch': 0.37}
{'loss': 0.8176, 'grad_norm': 0.13642056286334991, 'learning_rate': 3.3333333333333335e-05, 'epoch': 0.38}
{'loss': 0.7365, 'grad_norm': 0.14467164874076843, 'learning_rate': 1.6666666666666667e-05, 'epoch': 0.39}
{'loss': 0.7347, 'grad_norm': 0.2823607623577118, 'learning_rate': 0.0, 'epoch': 0.4}
{'eval_loss': 0.900783896446228, 'eval_runtime': 403.25, 'eval_samples_per_second': 9.897, 'eval_steps_per_second': 1.237, 'epoch': 0.4}
{'train_runtime': 7879.1963, 'train_samples_per_second': 0.812, 'train_steps_per_second': 0.051, 'train_loss': 0.944285352230072, 'epoch': 0.4}
{'eval_loss': 0.900783896446228, 'eval_runtime': 402.9986, 'eval_samples_per_second': 9.903, 'eval_steps_per_second': 1.238, 'epoch': 0.40090202956652465}


 Two things are infinite: ness and the number of things.
You are given a positive integer `n`.

Your task is to find the number of positive integers `k` less than or equal to `n`, such that the number of divisors
